99880
99832
99646
99643
99501
99450
99325
99176
99141
99123
99051
98943
98906
98765
98723
98688
98638
98552
98508
98456
98302
98279
98046
98002
97952
97928
97812
9778
97624
97593
97315
97287
97270
97243
97192
97177
97152
97133
97072
97023
97019
96833
96721
96670
96517
96406
96365
96292
9626
96231
96123
96028
95915
9590
95888
95879
95846
95825
95734
95715
95661
95606
9557
95573
95533
95412
95213
95135
95133
94982
94948
9484
94803
94793
94760
9471
9468
94660
94639
9458
94577
94286
94259
94250
9420
93925
93778
93775
93769
93727
9362
9359
93565
93491
93367
93333
93086
93024
93014
92894
92849
92797
92681
92454
92296
92263
92237
92205
91913
91578
91363
91312
91167
91097
91089
91033
90906
90875
90846
90770
90762
90485
90421
9041
90322
90279
90258
90202
90129
89963
89834
89607
89439
89414
89407
89392
89309
89213
89153
8900
88963
88936
88828
88708
8863
88566
88463
8845
88399
88293
88258
88228
88106
8804
87732
87691
8750
87401
8736
87314
87256
87225
87139
87010
86923
8688
8687
86840
86835
86797
8677
86695
86661
86575
86536
86514
86502
86497
86445
86415
86406
86277
86234
86038
8595
8594
85934
85903
85885
85866
85862
85853
85770
85658
85601
8559
85324
8499
84942
84890
84861
84747
8464
84388
84327
84269
84134
84036
8393
83904
83881
83867
83839
83811
83806
83773
83726
83682
83620
83530
83501
83498
83218
8298
82952
82860
82857
8284
82799
82686
82671
82658
82649
82567
82533
82520
82457
8244
82331
82211
82027
82003
81981
81975
81970
8192
81811
81640
81547
81525
81517
81494
81454
81422
81381
81371
81282
81254
81233
81204
81181
8116
81166
81132
81128
810885
81085
810816
810760
810473
810408
810315
810308
810306
8102
810268
81024
810221
810038
809935
809777
809641
809422
809285
809255
809074
808810
808405
808061
808042
808033
80780
807751
807747
807341
807307
807133
806982
806964
806947
806943
806942
806864
806840
806830
806717
806689
80659
806597
806488
806339
806329
8062
806034
805933
805678
805543
80552
80547
805316
80530
805281
805196
805056
805010
804762
804743
804705
80469
804596
804582
804451
804224
80421
804200
804184
80416
804104
804095
804026
803957
803954
803916
803873
803796
803780
803755
803732
803728
803588
803577
803518
803470
803450
803362
803281
80327
80312
802891
802790
802789
802749
802470
802394
802212
802089
802060
802030
802002
80193
801930
801864
801849
801780
801779
801728
801560
801233
801195
801145
801114
801098
801053
800915
800903
800872
800743
800662
800618
800588
800577
80056
800509
800364
800323
800295
800193
799987
799882
799866
799741
799660
799623
799480
799457
799409
799405
79919
799016
798882
798866
798857
798683
798627
79855
79844
798380
798367
798357
798337
798288
798268
798182
798172
79809
79781
797805
797679
797622
797533
79752
797362
797261
797162
797124
797109
797056
797042
797000
796875
796849
796842
796828
796809
796723
796673
79665
796562
796503
796216
796172
796040
795869
795856
795740
795602
795589
795537
795486
795446
795365
795329
79520
795131
794926
794902
794896
794876
794819
794738
794463
794314
794259
794127
794005
793953
793889
793647
793631
793431
793386
793332
793199
793156
793060
79295
792920
792915
792879
792827
792742
792728
792722
792432
792352
792316
792162
792152
792150
792036
792034
791827
791716
791705
791605
791557
791430
791176
791139
79111
790911
790525
790212
790205
790169
790066
789990
789918
78985
78983
789488
789442
78943
789391
789331
789316
789313
789298
789221
788976
788965
78894
788839
78876
7886
78855
788444
788391
788267
788254
788235
788150
788037
787940
78777
787634
787577
787448
787419
787358
787271
787216
787185
787184
787141
787075
787051
786835
786799
786791
786757
786528
78647
786428
786329
786310
786277
786235
786120
786092
786070
785855
785834
785817
7857
785796
785740
785724
785715
785629
785411
785376
78532
785238
785236
785192
785154
785093
784945
784907
784840
784823
784722
784700
784256
784186
784143
784047
783981
783972
783880
78386
783787
783603
783482
783462
783456
783359
783351
783299
783292
783259
783086
782860
782847
782838
78276
782713
78262
782547
782508
782497
782484
782455
782389
782334
782321
782303
78224
78220
782135
78202
782021
782019
781982
781965
781961
78193
781920
781783
781735
781672
781540
7814
781439
781380
781363
781222
781215
781173
781152
78104
781005
78095
780915
780772
780685
780648
78061
780607
780481
780332
780293
780254
780124
780030
779984
779884
779857
779824
779727
779682
779615
779507
779460
779416
779064
779027
778928
778902
778841
778824
778822
778761
778696
778660
778624
778599
778493
778413
778401
778374
778316
778226
778151
778138
778030
777997
777789
777734
777709
777561
777495
777471
777454
777237
777185
777159
777111
777108
777067
776951
776933
776917
776661
776552
776454
776444
776369
776330
776269
776256
776185
77610
776036
776008
775892
775879
775733
775730
775726
775589
775533
775526
775480
775439
775423
775390
775203
775170
774915
774892
774855
774847
774736
774661
77464
774636
774472
774263
774222
774059
773881
773866
77379
773725
773517
773451
773287
773020
772963
772960
772933
772928
772902
772795
772743
77269
772534
77244
772411
772401
772288
772249
772235
77220
772129
772052
772007
771931
771788
771732
771684
77165
771542
771492
771459
771141
771017
770849
770820
770807
770753
77071
770684
770672
770651
770630
770479
770350
770267
770218
770182
770124
770085
769882
769878
769850
769847
769783
769762
769761
769753
769722
76969
769559
76941
769418
769386
769374
769369
769343
769234
769206
769073
768845
768840
768738
768662
768569
768510
768411
768410
768379
768376
768318
768259
768131
768090
768060
767747
767562
767512
767464
767431
767425
767369
767352
767302
767280
767180
767060
767040
766766
766714
766669
766605
76654
766486
766384
766340
766034
766008
765932
765815
765619
765549
76553
765461
765431
76522
765163
765115
765068
764987
764975
764869
764808
764770
764734
764731
764709
764676
764670
764661
764635
764547
76446
764443
764396
764189
764175
764041
764037
764015
763968
763964
76394
763904
76386
76381
763723
763720
763715
763687
763503
763465
763407
763296
763281
763267
76325
763238
763209
763178
76310
762919
762846
762817
762812
762721
762651
762552
762547
762529
762239
762218
762149
762034
76190
76188
761772
761758
761708
761566
761490
761456
761403
761348
761309
761260
761259
761238
76118
760971
760782
760738
760712
760686
760648
760604
760587
76055
760473
760374
760042
760024
759986
759915
759911
759881
759877
75976
759718
759705
759696
759651
759618
759588
759559
759543
75939
759302
759220
759061
759033
758995
758962
758810
758626
758624
758548
758482
75837
758320
758317
758197
758138
758123
758117
758086
757912
75788
757831
757811
75780
757698
757643
757619
757558
